Date,High,Low,Open,Close,Volume,Adj Close
2016-07-18,22.260000228881836,21.219999313354492,21.3799991607666,22.260000228881836,8900.0,18.366321563720703
2016-07-19,22.652000427246094,21.75,21.829999923706055,22.6299991607666,19900.0,18.67160415649414
2016-07-20,23.450000762939453,22.25,22.700000762939453,23.440000534057617,19400.0,19.33991813659668
2016-07-21,23.739999771118164,22.750999450683594,23.389999389648438,23.440000534057617,19500.0,19.33991813659668
2016-07-22,23.670000076293945,23.020000457763672,23.1200008392334,23.020000457763672,2500.0,18.99338722229004
2016-07-25,24.299999237060547,23.280000686645508,23.280000686645508,24.280000686645508,13800.0,20.032989501953125
2016-07-26,24.440000534057617,23.280000686645508,24.440000534057617,23.790000915527344,20700.0,19.628700256347656
2016-07-27,24.7450008392334,23.940000534057617,23.950000762939453,24.079999923706055,10300.0,19.867971420288086
2016-07-28,25.025999069213867,24.25,24.25,24.850000381469727,23300.0,20.503286361694336
2016-07-29,25.399999618530273,24.809999465942383,24.8799991607666,25.399999618530273,19600.0,20.957077026367188
2016-08-01,25.81999969482422,25.049999237060547,25.049999237060547,25.440000534057617,12900.0,20.99008560180664
2016-08-02,25.489999771118164,24.479999542236328,25.459999084472656,24.479999542236328,20100.0,20.198007583618164
2016-08-03,25.040000915527344,24.469999313354492,24.469999313354492,24.920000076293945,11700.0,20.5610408782959
2016-08-04,25.760000228881836,24.920000076293945,25.0,25.559999465942383,15600.0,21.08909034729004
2016-08-05,25.739999771118164,25.309999465942383,25.520000457763672,25.350000381469727,12000.0,20.91582679748535
2016-08-08,25.239999771118164,24.53499984741211,25.06999969482422,25.239999771118164,31600.0,20.825063705444336
2016-08-09,25.1200008392334,24.84000015258789,24.889999389648438,24.860000610351562,24000.0,20.511537551879883
2016-08-10,25.229999542236328,24.84000015258789,25.229999542236328,24.8700008392334,8000.0,20.51978874206543
2016-08-11,25.389999389648438,25.014999389648438,25.079999923706055,25.059999465942383,23700.0,20.676551818847656
2016-08-12,25.059999465942383,24.479999542236328,24.690000534057617,24.579999923706055,8900.0,20.280517578125
2016-08-15,25.110000610351562,24.510000228881836,24.510000228881836,24.739999771118164,16300.0,20.41252899169922
2016-08-16,24.899999618530273,24.299999237060547,24.899999618530273,24.350000381469727,7300.0,20.09074592590332
2016-08-17,24.329999923706055,23.739999771118164,24.329999923706055,23.920000076293945,25400.0,19.735958099365234
2016-08-18,24.09000015258789,23.719999313354492,23.850000381469727,23.940000534057617,4000.0,19.752460479736328
2016-08-19,24.079999923706055,23.729999542236328,23.899999618530273,23.979999542236328,6100.0,19.785465240478516
2016-08-22,24.06999969482422,23.639999389648438,23.8700008392334,23.950000762939453,7000.0,19.760713577270508
2016-08-23,25.299999237060547,24.229999542236328,24.229999542236328,24.8799991607666,13600.0,20.528038024902344
2016-08-24,25.010000228881836,24.149999618530273,25.010000228881836,24.239999771118164,5100.0,19.999982833862305
2016-08-25,24.239999771118164,23.969999313354492,23.969999313354492,24.18000030517578,1500.0,19.950481414794922
2016-08-26,24.540000915527344,23.780000686645508,24.139999389648438,23.850000381469727,4900.0,19.67820167541504
2016-08-29,24.336999893188477,23.93000030517578,23.93000030517578,24.270000457763672,2300.0,20.024734497070312
2016-08-30,24.31999969482422,23.8799991607666,24.31999969482422,24.15999984741211,5600.0,19.99742317199707
2016-08-31,24.450000762939453,23.729999542236328,24.110000610351562,24.06999969482422,3200.0,19.92292594909668
2016-09-01,24.670000076293945,24.020000457763672,24.020000457763672,24.6200008392334,2500.0,20.3781681060791
2016-09-02,25.34000015258789,24.739999771118164,24.889999389648438,25.170000076293945,12900.0,20.833410263061523
2016-09-06,25.979999542236328,25.360000610351562,25.3799991607666,25.969999313354492,8100.0,21.495573043823242
2016-09-07,25.93000030517578,25.030000686645508,25.93000030517578,25.170000076293945,15900.0,20.833410263061523
2016-09-08,25.149999618530273,24.959999084472656,25.149999618530273,25.1299991607666,5500.0,20.80030059814453
2016-09-09,24.950000762939453,23.75,24.950000762939453,24.06999969482422,24600.0,19.92292594909668
2016-09-12,24.219999313354492,23.533000946044922,23.729999542236328,24.219999313354492,12700.0,20.047082901000977
2016-09-13,24.229999542236328,23.5,24.229999542236328,23.690000534057617,6300.0,19.608400344848633
2016-09-14,24.329999923706055,23.690000534057617,23.799999237060547,24.09000015258789,23900.0,19.939483642578125
2016-09-15,24.34000015258789,23.760000228881836,23.799999237060547,23.81999969482422,5500.0,19.71600341796875
2016-09-16,24.139999389648438,23.649999618530273,23.940000534057617,23.8799991607666,13800.0,19.765663146972656
2016-09-19,24.079999923706055,23.84000015258789,23.899999618530273,24.020000457763672,8300.0,19.881542205810547
2016-09-20,24.229999542236328,23.959999084472656,24.16200065612793,24.020000457763672,2500.0,19.881542205810547
2016-09-21,24.52899932861328,23.8700008392334,24.290000915527344,24.479999542236328,7000.0,20.262290954589844
2016-09-22,25.200000762939453,24.639999389648438,24.639999389648438,25.1200008392334,19200.0,20.792022705078125
2016-09-23,25.1299991607666,24.3799991607666,25.1200008392334,24.399999618530273,5800.0,20.196075439453125
2016-09-26,24.440000534057617,23.90999984741211,24.31999969482422,24.440000534057617,10400.0,20.22918128967285
2016-09-27,24.729999542236328,24.059999465942383,24.3700008392334,24.530000686645508,6600.0,20.303678512573242
2016-09-28,25.6299991607666,24.610000610351562,24.610000610351562,25.600000381469727,11500.0,21.18932342529297
2016-09-29,25.920000076293945,25.530000686645508,25.530000686645508,25.65999984741211,5300.0,21.238985061645508
2016-09-30,25.760000228881836,25.5,25.65999984741211,25.719999313354492,11300.0,21.288646697998047
2016-10-03,25.774999618530273,25.360000610351562,25.709999084472656,25.540000915527344,24500.0,21.13966178894043
2016-10-04,25.59000015258789,24.920000076293945,25.59000015258789,24.959999084472656,2600.0,20.659589767456055
2016-10-05,25.389999389648438,25.020000457763672,25.020000457763672,25.219999313354492,9600.0,20.874794006347656
2016-10-06,26.190000534057617,25.229999542236328,25.309999465942383,26.170000076293945,8500.0,21.66111946105957
2016-10-07,26.360000610351562,25.764999389648438,26.219999313354492,25.940000534057617,16500.0,21.470741271972656
2016-10-10,26.125,25.959999084472656,26.125,26.101999282836914,1100.0,21.604829788208008
2016-10-11,26.170000076293945,25.799999237060547,26.139999389648438,25.940000534057617,9900.0,21.470741271972656
2016-10-12,26.209999084472656,25.84000015258789,25.860000610351562,26.170000076293945,3400.0,21.66111946105957
2016-10-13,26.049999237060547,25.690000534057617,25.8799991607666,26.049999237060547,6200.0,21.561790466308594
2016-10-14,26.5,26.139999389648438,26.139999389648438,26.469999313354492,4000.0,21.9094295501709
2016-10-17,26.350000381469727,26.29599952697754,26.329999923706055,26.299999237060547,7300.0,21.76871681213379
2016-10-18,26.51099967956543,26.209999084472656,26.450000762939453,26.450000762939453,4300.0,21.89287757873535
2016-10-19,26.6200008392334,26.229999542236328,26.399999618530273,26.229999542236328,11100.0,21.710777282714844
2016-10-20,26.75,26.280000686645508,26.360000610351562,26.530000686645508,8200.0,21.959089279174805
2016-10-21,26.610000610351562,26.229999542236328,26.56999969482422,26.56999969482422,10700.0,21.992198944091797
2016-10-24,26.559999465942383,24.94099998474121,26.559999465942383,25.309999465942383,16800.0,20.94928741455078
2016-10-25,25.31999969482422,24.950000762939453,25.170000076293945,25.190000534057617,10900.0,20.849964141845703
2016-10-26,24.969999313354492,24.030000686645508,24.954999923706055,24.030000686645508,15200.0,19.889822006225586
2016-10-27,24.31999969482422,23.729999542236328,24.31999969482422,23.760000228881836,18800.0,19.666339874267578
2016-10-28,23.75,23.200000762939453,23.75,23.3799991607666,17800.0,19.351810455322266
2016-10-31,24.209999084472656,23.420000076293945,23.690000534057617,23.65999984741211,70800.0,19.58357048034668
2016-11-01,24.149999618530273,23.649999618530273,23.75,24.049999237060547,70400.0,19.906375885009766
2016-11-02,24.110000610351562,23.541000366210938,24.110000610351562,23.739999771118164,14300.0,19.6497859954834
2016-11-03,23.850000381469727,23.209999084472656,23.770000457763672,23.209999084472656,11300.0,19.21109962463379
2016-11-04,23.280000686645508,22.780000686645508,23.280000686645508,22.81999969482422,25200.0,18.88829231262207
2016-11-07,23.34000015258789,22.92799949645996,23.229999542236328,23.139999389648438,20100.0,19.153160095214844
2016-11-08,23.219999313354492,22.690000534057617,23.219999313354492,22.709999084472656,7200.0,18.7972469329834
2016-11-09,22.549999237060547,22.0,22.260000228881836,22.239999771118164,44400.0,18.40822410583496
2016-11-10,22.360000610351562,21.690000534057617,22.209999084472656,21.739999771118164,30000.0,17.994373321533203
2016-11-11,21.770000457763672,21.399999618530273,21.770000457763672,21.469999313354492,18400.0,17.77088737487793
2016-11-14,22.209999084472656,21.700000762939453,21.700000762939453,22.1299991607666,29100.0,18.317176818847656
2016-11-15,22.524999618530273,22.1299991607666,22.1299991607666,22.280000686645508,37000.0,18.44133186340332
2016-11-16,22.25,21.76099967956543,22.110000610351562,21.959999084472656,17500.0,18.176464080810547
2016-11-17,23.076000213623047,22.030000686645508,22.030000686645508,22.940000534057617,14300.0,18.98761749267578
2016-11-18,23.170000076293945,22.780000686645508,22.780000686645508,23.149999618530273,18100.0,19.161439895629883
2016-11-21,23.790000915527344,23.201000213623047,23.360000610351562,23.68000030517578,60900.0,19.60012435913086
2016-11-22,24.8799991607666,23.770000457763672,23.799999237060547,24.860000610351562,42100.0,20.576820373535156
2016-11-23,24.764999389648438,24.309999465942383,24.739999771118164,24.450000762939453,44000.0,20.237457275390625
2016-11-25,24.714000701904297,24.329999923706055,24.34000015258789,24.350000381469727,15500.0,20.15468978881836
2016-11-28,24.511999130249023,24.049999237060547,24.059999465942383,24.31999969482422,66100.0,20.12985610961914
2016-11-29,25.02899932861328,24.200000762939453,24.219999313354492,24.90999984741211,16000.0,20.681987762451172
2016-11-30,25.200000762939453,24.860000610351562,24.899999618530273,25.06999969482422,17600.0,20.814830780029297
2016-12-01,25.399999618530273,24.829999923706055,25.110000610351562,24.989999771118164,35400.0,20.7484073638916
2016-12-02,25.530000686645508,25.06999969482422,25.170000076293945,25.34000015258789,40300.0,21.03900146484375
2016-12-05,25.8799991607666,25.30500030517578,25.6200008392334,25.829999923706055,18400.0,21.445831298828125
2016-12-06,25.93000030517578,25.399999618530273,25.600000381469727,25.780000686645508,10100.0,21.404319763183594
2016-12-07,26.8799991607666,25.579999923706055,25.579999923706055,26.610000610351562,15000.0,22.093442916870117
2016-12-08,27.139999389648438,26.56999969482422,26.56999969482422,27.059999465942383,21600.0,22.467060089111328
2016-12-09,27.31999969482422,26.5,27.200000762939453,26.5,11500.0,22.002113342285156
2016-12-12,26.809999465942383,26.260000228881836,26.260000228881836,26.540000915527344,12600.0,22.035322189331055
2016-12-13,27.06999969482422,26.850000381469727,26.850000381469727,26.959999084472656,7100.0,22.384035110473633
2016-12-14,26.969999313354492,26.3799991607666,26.940000534057617,26.59000015258789,9000.0,22.07683753967285
2016-12-15,26.43000030517578,25.860000610351562,26.389999389648438,25.899999618530273,19500.0,21.503952026367188
2016-12-16,25.969999313354492,25.420000076293945,25.969999313354492,25.43000030517578,7300.0,21.113727569580078
2016-12-19,26.020000457763672,25.40999984741211,25.6200008392334,26.020000457763672,5900.0,21.60358428955078
2016-12-20,26.399999618530273,25.881000518798828,25.969999313354492,26.270000457763672,6700.0,21.81114959716797
2016-12-21,26.555999755859375,26.18000030517578,26.239999771118164,26.520000457763672,3300.0,22.01871681213379
2016-12-22,26.450000762939453,25.635000228881836,26.450000762939453,25.780000686645508,4500.0,21.404319763183594
2016-12-23,25.829999923706055,25.25,25.829999923706055,25.440000534057617,7200.0,21.122028350830078
2016-12-27,25.825000762939453,25.149999618530273,25.450000762939453,25.209999084472656,3100.0,20.931066513061523
2016-12-28,25.665000915527344,25.040000915527344,25.479999542236328,25.15999984741211,11000.0,20.88955307006836
2016-12-29,25.239999771118164,24.940000534057617,25.219999313354492,25.100000381469727,4400.0,20.839736938476562
2016-12-30,25.440000534057617,25.100000381469727,25.440000534057617,25.25,8000.0,20.964275360107422
2017-01-03,25.520000457763672,24.7450008392334,25.520000457763672,24.8799991607666,11400.0,20.657075881958008
2017-01-04,25.5,25.110000610351562,25.149999618530273,25.270000457763672,12400.0,20.98088264465332
2017-01-05,25.649999618530273,25.1200008392334,25.1200008392334,25.420000076293945,7900.0,21.105424880981445
2017-01-06,25.68000030517578,25.400999069213867,25.530000686645508,25.68000030517578,5000.0,21.321290969848633
2017-01-09,25.760000228881836,25.489999771118164,25.760000228881836,25.639999389648438,15200.0,21.28807830810547
2017-01-10,26.100000381469727,25.92099952697754,25.979999542236328,25.940000534057617,1600.0,21.537160873413086
2017-01-11,26.290000915527344,25.93000030517578,26.0,26.149999618530273,13200.0,21.711519241333008
2017-01-12,26.299999237060547,25.75,26.299999237060547,25.950000762939453,7300.0,21.54546546936035
2017-01-13,26.329999923706055,26.065000534057617,26.079999923706055,26.219999313354492,6500.0,21.769634246826172
2017-01-17,26.450000762939453,25.8700008392334,26.260000228881836,25.969999313354492,7500.0,21.562068939208984
2017-01-18,26.190000534057617,25.739999771118164,25.940000534057617,25.790000915527344,5900.0,21.412620544433594
2017-01-19,25.549999237060547,25.075000762939453,25.530000686645508,25.114999771118164,16400.0,20.852191925048828
2017-01-20,25.290000915527344,24.340999603271484,25.290000915527344,24.549999237060547,4800.0,20.383089065551758
2017-01-23,24.38800048828125,23.684999465942383,24.3799991607666,23.690000534057617,13600.0,19.6690616607666
2017-01-24,24.899999618530273,23.739999771118164,23.739999771118164,24.860000610351562,3200.0,20.640472412109375
2017-01-25,26.459999084472656,24.969999313354492,24.969999313354492,26.219999313354492,8600.0,21.769634246826172
2017-01-26,26.34000015258789,25.540000915527344,26.34000015258789,25.639999389648438,6700.0,21.28807830810547
2017-01-27,25.889999389648438,25.329999923706055,25.639999389648438,25.329999923706055,19600.0,21.03070068359375
2017-01-30,25.510000228881836,25.007999420166016,25.510000228881836,25.124000549316406,2100.0,20.859663009643555
2017-01-31,25.111000061035156,24.6200008392334,25.111000061035156,24.81999969482422,7200.0,20.607263565063477
2017-02-01,25.100000381469727,24.549999237060547,24.81999969482422,25.030000686645508,15200.0,20.781620025634766
2017-02-02,25.329999923706055,25.110000610351562,25.1299991607666,25.1200008392334,3400.0,20.856346130371094
2017-02-03,26.100000381469727,25.670000076293945,25.850000381469727,25.8700008392334,12000.0,21.479042053222656
2017-02-06,25.93400001525879,25.559999465942383,25.709999084472656,25.809999465942383,26500.0,21.42922592163086
2017-02-07,26.1200008392334,25.899999618530273,25.950000762939453,25.979999542236328,8600.0,21.57037353515625
2017-02-08,26.81999969482422,25.979999542236328,25.979999542236328,26.81999969482422,6000.0,22.267797470092773
2017-02-09,27.920000076293945,26.75,26.75,27.81999969482422,60200.0,23.098064422607422
2017-02-10,28.799999237060547,27.940000534057617,27.950000762939453,28.799999237060547,14100.0,23.911727905273438
2017-02-13,29.0,28.510000228881836,28.940000534057617,28.510000228881836,11400.0,23.670949935913086
2017-02-14,29.059999465942383,28.5,28.700000762939453,28.899999618530273,7000.0,23.994754791259766
2017-02-15,29.579999923706055,28.780000686645508,28.780000686645508,29.559999465942383,10700.0,24.5427303314209
2017-02-16,29.600000381469727,28.90999984741211,29.600000381469727,29.43000030517578,50000.0,24.434799194335938
2017-02-17,29.610000610351562,29.229999542236328,29.479999542236328,29.229999542236328,9500.0,24.26874351501465
2017-02-21,29.760000228881836,29.479999542236328,29.65999984741211,29.709999084472656,27900.0,24.66727066040039
2017-02-22,30.329999923706055,29.510000228881836,29.510000228881836,30.100000381469727,6000.0,24.991077423095703
2017-02-23,30.489999771118164,29.93000030517578,30.239999771118164,30.170000076293945,63500.0,25.049196243286133
2017-02-24,29.889999389648438,29.15999984741211,29.84000015258789,29.229999542236328,10800.0,24.26874351501465
2017-02-27,29.3799991607666,28.920000076293945,29.34000015258789,29.299999237060547,7300.0,24.39027976989746
2017-02-28,29.440000534057617,29.0,29.420000076293945,29.0,10300.0,24.140548706054688
2017-03-01,29.420000076293945,29.239999771118164,29.389999389648438,29.34000015258789,6700.0,24.42357635498047
2017-03-02,29.219999313354492,28.790000915527344,29.219999313354492,28.899999618530273,17400.0,24.05730438232422
2017-03-03,29.18000030517578,28.8700008392334,29.030000686645508,29.149999618530273,35600.0,24.265413284301758
2017-03-06,29.229999542236328,28.780000686645508,29.139999389648438,28.8799991607666,7700.0,24.04065704345703
2017-03-07,28.479999542236328,28.049999237060547,28.479999542236328,28.43000030517578,10800.0,23.66606330871582
2017-03-08,28.290000915527344,27.969999313354492,28.290000915527344,28.100000381469727,5300.0,23.3913631439209
2017-03-09,28.200000762939453,27.72800064086914,27.93000030517578,27.90999984741211,2400.0,23.233198165893555
2017-03-10,28.613000869750977,28.1200008392334,28.1200008392334,28.59000015258789,7600.0,23.799253463745117
2017-03-13,29.1299991607666,28.450000762939453,28.450000762939453,28.899999618530273,17500.0,24.05730438232422
2017-03-14,28.90999984741211,27.950000762939453,28.90999984741211,28.299999237060547,12300.0,23.55784797668457
2017-03-15,29.3799991607666,28.299999237060547,28.56999969482422,29.3799991607666,9900.0,24.456872940063477
2017-03-16,29.110000610351562,28.690000534057617,29.110000610351562,28.790000915527344,3600.0,23.96573829650879
2017-03-17,29.040000915527344,28.709999084472656,28.979999542236328,28.709999084472656,6400.0,23.89914321899414
2017-03-20,28.5,28.10099983215332,28.5,28.1200008392334,10900.0,23.408010482788086
2017-03-21,28.329999923706055,27.25,28.329999923706055,27.389999389648438,10500.0,22.800334930419922
2017-03-22,27.68000030517578,27.259000778198242,27.65999984741211,27.56999969482422,4000.0,22.95017433166504
2017-03-23,28.066999435424805,27.600000381469727,27.600000381469727,27.950000762939453,2300.0,23.266496658325195
2017-03-24,28.010000228881836,27.709999084472656,27.979999542236328,27.709999084472656,1500.0,23.066713333129883
2017-03-27,27.829999923706055,27.0,27.829999923706055,27.25,9600.0,22.683792114257812
2017-03-28,27.700000762939453,27.363000869750977,27.363000869750977,27.649999618530273,5200.0,23.016765594482422
2017-03-29,28.3700008392334,27.7450008392334,27.770000457763672,28.299999237060547,6200.0,23.55784797668457
2017-03-30,28.559999465942383,28.239999771118164,28.459999084472656,28.309999465942383,14000.0,23.566173553466797
2017-03-31,28.510000228881836,27.979999542236328,28.5,28.510000228881836,3100.0,23.73265838623047
2017-04-03,29.079999923706055,28.3799991607666,28.559999465942383,29.0,14500.0,24.140548706054688
2017-04-04,29.59000015258789,28.93000030517578,28.969999313354492,29.479999542236328,21400.0,24.540117263793945
2017-04-05,30.299999237060547,29.670000076293945,29.68000030517578,29.708999633789062,22000.0,24.730745315551758
2017-04-06,30.31999969482422,29.68000030517578,29.700000762939453,29.8700008392334,18900.0,24.86476707458496
2017-04-07,30.5,30.06999969482422,30.06999969482422,30.110000610351562,20900.0,25.064550399780273
2017-04-10,30.8799991607666,30.450000762939453,30.479999542236328,30.700000762939453,19800.0,25.555688858032227
2017-04-11,30.8799991607666,30.0,30.75,30.8799991607666,21400.0,25.705524444580078
2017-04-12,31.291000366210938,30.559999465942383,31.049999237060547,30.760000228881836,10200.0,25.605634689331055
2017-04-13,30.639999389648438,29.950000762939453,30.639999389648438,29.950000762939453,3300.0,24.931360244750977
2017-04-17,30.110000610351562,29.850000381469727,29.860000610351562,30.0,7300.0,24.972986221313477
2017-04-18,29.969999313354492,29.459999084472656,29.950000762939453,29.510000228881836,19700.0,24.565092086791992
2017-04-19,29.760000228881836,29.3700008392334,29.709999084472656,29.639999389648438,19300.0,24.67330551147461
2017-04-20,30.149999618530273,29.790000915527344,29.979999542236328,29.90999984741211,11300.0,24.89806365966797
2017-04-21,30.110000610351562,29.709999084472656,30.110000610351562,29.8799991607666,15600.0,24.873090744018555
2017-04-24,30.05900001525879,29.610000610351562,30.020000457763672,29.899999618530273,20200.0,24.889739990234375
2017-04-25,30.770000457763672,29.799999237060547,29.799999237060547,30.770000457763672,22800.0,25.613956451416016
2017-04-26,30.799999237060547,30.299999237060547,30.799999237060547,30.329999923706055,49500.0,25.247684478759766
2017-04-27,30.889999389648438,30.389999389648438,30.489999771118164,30.84000015258789,18500.0,25.672225952148438
2017-04-28,31.1299991607666,30.729999542236328,30.780000686645508,31.06999969482422,27200.0,25.86368751525879
2017-05-01,31.100000381469727,30.641000747680664,31.100000381469727,30.899999618530273,19600.0,25.7221736907959
2017-05-02,30.65999984741211,29.520000457763672,30.65999984741211,29.68000030517578,40800.0,24.706607818603516
2017-05-03,29.780000686645508,29.170000076293945,29.579999923706055,29.239999771118164,10200.0,24.34033203125
2017-05-04,29.299999237060547,28.920000076293945,29.299999237060547,29.020000457763672,11700.0,24.15719985961914
2017-05-05,29.329999923706055,28.527999877929688,29.329999923706055,28.899999618530273,21900.0,24.05730438232422
2017-05-08,28.950000762939453,27.83099937438965,28.899999618530273,28.920000076293945,15800.0,24.073955535888672
2017-05-09,29.31999969482422,28.920000076293945,29.149999618530273,29.170000076293945,20000.0,24.28206443786621
2017-05-10,29.219999313354492,28.94499969482422,29.110000610351562,29.010000228881836,21400.0,24.14887809753418
2017-05-11,28.729999542236328,28.18000030517578,28.729999542236328,28.260000228881836,24800.0,23.524551391601562
2017-05-12,28.399999618530273,28.0,28.110000610351562,28.219999313354492,22100.0,23.49125099182129
2017-05-15,29.795000076293945,28.399999618530273,28.399999618530273,29.700000762939453,28900.0,24.723255157470703
2017-05-16,29.84000015258789,29.479999542236328,29.829999923706055,29.68000030517578,13200.0,24.706607818603516
2017-05-17,29.469999313354492,28.764999389648438,29.3700008392334,28.84000015258789,10500.0,24.007360458374023
2017-05-18,29.038999557495117,28.5,28.95599937438965,28.600000381469727,16900.0,23.807580947875977
2017-05-19,29.350000381469727,28.559999465942383,28.559999465942383,29.049999237060547,15300.0,24.18216896057129
2017-05-22,29.139999389648438,28.520999908447266,29.040000915527344,28.8799991607666,3100.0,24.04065704345703
2017-05-23,29.34000015258789,28.68000030517578,29.1299991607666,28.739999771118164,8800.0,23.924118041992188
2017-05-24,29.290000915527344,28.729999542236328,28.739999771118164,29.25,7400.0,24.348655700683594
2017-05-25,29.440000534057617,28.8799991607666,29.440000534057617,28.8799991607666,4900.0,24.04065704345703
2017-05-26,29.399999618530273,28.790000915527344,28.790000915527344,29.100000381469727,5000.0,24.223793029785156
2017-05-30,29.149999618530273,28.889999389648438,28.93000030517578,29.030000686645508,9700.0,24.35213851928711
2017-05-31,28.950000762939453,28.37299919128418,28.8799991607666,28.459999084472656,7500.0,23.87398910522461
2017-06-01,29.110000610351562,28.56999969482422,28.56999969482422,29.010000228881836,4100.0,24.335365295410156
2017-06-02,29.049999237060547,28.719999313354492,28.760000228881836,28.760000228881836,5400.0,24.125646591186523
2017-06-05,29.260000228881836,28.75,29.020000457763672,28.770000457763672,4100.0,24.134037017822266
2017-06-06,29.100000381469727,28.68000030517578,28.84000015258789,28.969999313354492,8000.0,24.301809310913086
2017-06-07,29.040000915527344,28.363000869750977,29.040000915527344,28.420000076293945,13300.0,23.840435028076172
2017-06-08,29.1299991607666,28.15999984741211,28.389999389648438,29.09000015258789,12000.0,24.4024715423584
2017-06-09,29.270000457763672,28.75,29.020000457763672,29.1299991607666,5500.0,24.436023712158203
2017-06-12,29.290000915527344,29.040000915527344,29.040000915527344,29.25,4700.0,24.53668785095215
2017-06-13,29.809999465942383,29.40999984741211,29.40999984741211,29.770000457763672,4200.0,24.9728946685791
2017-06-14,30.239999771118164,29.440000534057617,29.8700008392334,29.440000534057617,8800.0,24.69607162475586
2017-06-15,29.579999923706055,29.15999984741211,29.170000076293945,29.399999618530273,10200.0,24.66251564025879
2017-06-16,30.110000610351562,29.149999618530273,29.149999618530273,30.110000610351562,74300.0,25.25811004638672
2017-06-19,30.625,29.950000762939453,30.229999542236328,30.43000030517578,18900.0,25.526546478271484
2017-06-20,30.190000534057617,29.65999984741211,30.18000030517578,29.790000915527344,4900.0,24.989675521850586
2017-06-21,29.729999542236328,29.024999618530273,29.729999542236328,29.260000228881836,3700.0,24.54507827758789
2017-06-22,29.829999923706055,29.459999084472656,29.459999084472656,29.81999969482422,5600.0,25.01483917236328
2017-06-23,31.0,29.780000686645508,30.020000457763672,31.0,5600.0,26.00469398498535
2017-06-26,30.549999237060547,29.610000610351562,30.350000381469727,29.65999984741211,9500.0,24.88062286376953
2017-06-27,30.42099952697754,29.559999465942383,29.809999465942383,30.350000381469727,10500.0,25.459434509277344
2017-06-28,31.459999084472656,31.0,31.0,31.190000534057617,7800.0,26.164079666137695
2017-06-29,31.933000564575195,30.260000228881836,31.25,30.729999542236328,16500.0,25.778202056884766
2017-06-30,31.260000228881836,30.8700008392334,31.09000015258789,31.139999389648438,12500.0,26.122135162353516
2017-07-03,31.579999923706055,31.187000274658203,31.579999923706055,31.270000457763672,4900.0,26.231189727783203
2017-07-05,31.450000762939453,30.81999969482422,31.3700008392334,31.190000534057617,10200.0,26.164079666137695
2017-07-06,30.969999313354492,30.489999771118164,30.959999084472656,30.600000381469727,8500.0,25.669151306152344
2017-07-07,30.8799991607666,30.510000228881836,30.760000228881836,30.8799991607666,4900.0,25.90403175354004
2017-07-10,31.639999389648438,30.860000610351562,30.860000610351562,31.440000534057617,4200.0,26.373796463012695
2017-07-11,31.520000457763672,31.020000457763672,31.420000076293945,31.510000228881836,7700.0,26.432514190673828
2017-07-12,32.369998931884766,31.952999114990234,32.0,32.369998931884766,3800.0,27.153934478759766
2017-07-13,32.439998626708984,31.829999923706055,32.380001068115234,32.31999969482422,4100.0,27.111989974975586
2017-07-14,32.97999954223633,32.31999969482422,32.36000061035156,32.97999954223633,6300.0,27.66564178466797
2017-07-17,33.099998474121094,32.77000045776367,32.77000045776367,32.904998779296875,6100.0,27.602725982666016
2017-07-18,32.97999954223633,32.5,32.97999954223633,32.900001525878906,4100.0,27.598533630371094
2017-07-19,33.27000045776367,32.90999984741211,33.2400016784668,33.150001525878906,6000.0,27.808250427246094
2017-07-20,32.95000076293945,32.470001220703125,32.95000076293945,32.65999984741211,3900.0,27.397207260131836
2017-07-21,32.900001525878906,32.34199905395508,32.56999969482422,32.77000045776367,8300.0,27.489479064941406
2017-07-24,33.470001220703125,32.689998626708984,33.0,33.400001525878906,8900.0,28.017963409423828
2017-07-25,33.61000061035156,32.869998931884766,33.61000061035156,32.93000030517578,6400.0,27.623701095581055
2017-07-26,33.470001220703125,33.04999923706055,33.20000076293945,33.33000183105469,7900.0,27.959247589111328
2017-07-27,34.369998931884766,33.279998779296875,33.91999816894531,33.40999984741211,5300.0,28.026348114013672
2017-07-28,35.5099983215332,33.66999816894531,34.779998779296875,33.70000076293945,17800.0,28.269622802734375
2017-07-31,35.599998474121094,34.4900016784668,34.4900016784668,35.459999084472656,26500.0,29.746017456054688
2017-08-01,35.650001525878906,34.5,35.650001525878906,34.95000076293945,42800.0,29.31819725036621
2017-08-02,35.38999938964844,34.68000030517578,35.2599983215332,34.720001220703125,14600.0,29.125261306762695
2017-08-03,33.650001525878906,32.61000061035156,33.650001525878906,33.060001373291016,24400.0,27.73275375366211
2017-08-04,33.189998626708984,32.86000061035156,33.119998931884766,33.04999923706055,22400.0,27.7243595123291
2017-08-07,33.779998779296875,33.08000183105469,33.08000183105469,33.15999984741211,10600.0,27.816638946533203
2017-08-08,33.22999954223633,32.939998626708984,33.08000183105469,33.119998931884766,18700.0,27.783082962036133
2017-08-09,33.07500076293945,32.900001525878906,33.0,33.0099983215332,15100.0,27.690805435180664
2017-08-10,32.959999084472656,32.61000061035156,32.86000061035156,32.810001373291016,11000.0,27.523035049438477
2017-08-11,32.97999954223633,32.599998474121094,32.65999984741211,32.619998931884766,8400.0,27.363651275634766
2017-08-14,32.79999923706055,32.599998474121094,32.77000045776367,32.72999954223633,12100.0,27.455923080444336
2017-08-15,32.78300094604492,32.59000015258789,32.630001068115234,32.630001068115234,6300.0,27.372039794921875
2017-08-16,32.88999938964844,32.5,32.88999938964844,32.709999084472656,10000.0,27.439149856567383
2017-08-17,32.86000061035156,32.22999954223633,32.529998779296875,32.38999938964844,36200.0,27.170713424682617
2017-08-18,32.83000183105469,32.369998931884766,32.41999816894531,32.439998626708984,21100.0,27.21265411376953
2017-08-21,32.625999450683594,32.25,32.439998626708984,32.45000076293945,9000.0,27.221046447753906
2017-08-22,32.81999969482422,32.33000183105469,32.61000061035156,32.790000915527344,29900.0,27.506258010864258
2017-08-23,33.22999954223633,32.5,32.5,32.880001068115234,14600.0,27.581756591796875
2017-08-24,33.27000045776367,32.959999084472656,33.0,33.220001220703125,19300.0,27.866968154907227
2017-08-25,33.720001220703125,33.16999816894531,33.25,33.369998931884766,13500.0,27.992795944213867
2017-08-28,34.2400016784668,33.689998626708984,33.70000076293945,34.2400016784668,25200.0,28.722606658935547
2017-08-29,34.970001220703125,33.70000076293945,33.84000015258789,34.88999938964844,63800.0,29.267866134643555
2017-08-30,34.540000915527344,33.979000091552734,34.5,34.13999938964844,36700.0,28.970861434936523
2017-08-31,34.45000076293945,34.09000015258789,34.18000030517578,34.43000030517578,38300.0,29.216951370239258
2017-09-01,35.470001220703125,34.61000061035156,34.63999938964844,35.27000045776367,53800.0,29.929765701293945
2017-09-05,35.349998474121094,34.380001068115234,35.279998779296875,34.91999816894531,31400.0,29.63275909423828
2017-09-06,36.380001068115234,34.7400016784668,34.91999816894531,36.36000061035156,62100.0,30.854732513427734
2017-09-07,37.86000061035156,36.49599838256836,36.68000030517578,37.81999969482422,102600.0,32.093666076660156
2017-09-08,38.0,36.59000015258789,38.0,37.709999084472656,102400.0,32.00032043457031
2017-09-11,38.08000183105469,37.441001892089844,37.86000061035156,38.08000183105469,51100.0,32.31430435180664
2017-09-12,38.599998474121094,38.18000030517578,38.34000015258789,38.38999938964844,39900.0,32.57736587524414
2017-09-13,38.380001068115234,37.25,38.380001068115234,37.619998931884766,51900.0,31.923952102661133
2017-09-14,38.18000030517578,37.38999938964844,37.54999923706055,37.93000030517578,67700.0,32.18701934814453
2017-09-15,38.349998474121094,37.869998931884766,37.880001068115234,38.08000183105469,44600.0,32.31430435180664
2017-09-18,38.349998474121094,37.22999954223633,38.349998474121094,37.38999938964844,31800.0,31.728771209716797
2017-09-19,38.380001068115234,37.40999984741211,37.40999984741211,38.33000183105469,63900.0,32.52645492553711
2017-09-20,38.880001068115234,38.23899841308594,38.38999938964844,38.599998474121094,64600.0,32.75556945800781
2017-09-21,39.40999984741211,38.33000183105469,38.619998931884766,39.290000915527344,47200.0,33.34109878540039
2017-09-22,40.189998626708984,39.15999984741211,39.310001373291016,39.66999816894531,50900.0,33.66356658935547
2017-09-25,40.36000061035156,39.0,39.189998626708984,40.15999984741211,49300.0,34.079368591308594
2017-09-26,41.29999923706055,40.189998626708984,40.349998474121094,41.209999084472656,61300.0,34.97038650512695
2017-09-27,41.880001068115234,40.58000183105469,41.33000183105469,41.11000061035156,97400.0,34.885528564453125
2017-09-28,41.36000061035156,40.81999969482422,41.150001525878906,41.33000183105469,42700.0,35.07221603393555
2017-09-29,39.79999923706055,37.599998474121094,39.79999923706055,38.119998931884766,224900.0,32.34824752807617
2017-10-02,39.70000076293945,37.66999816894531,37.66999816894531,38.709999084472656,72000.0,32.84891128540039
2017-10-03,39.279998779296875,38.540000915527344,38.540000915527344,39.099998474121094,46700.0,33.179866790771484
2017-10-04,39.81999969482422,39.189998626708984,39.189998626708984,39.59000015258789,41400.0,33.595672607421875
2017-10-05,39.78499984741211,39.391998291015625,39.560001373291016,39.560001373291016,41200.0,33.570220947265625
2017-10-06,39.9900016784668,39.54999923706055,39.54999923706055,39.7599983215332,34800.0,33.739933013916016
2017-10-09,39.9900016784668,39.70000076293945,39.70000076293945,39.91999816894531,29000.0,33.875709533691406
2017-10-10,40.72999954223633,40.02000045776367,40.099998474121094,40.709999084472656,59700.0,34.54609680175781
2017-10-11,41.13999938964844,40.70000076293945,40.93000030517578,40.97999954223633,83100.0,34.775211334228516
2017-10-12,41.0,40.0099983215332,40.97999954223633,40.470001220703125,112900.0,34.342430114746094
2017-10-13,40.11000061035156,39.529998779296875,39.529998779296875,39.79999923706055,96300.0,33.77387619018555
2017-10-16,39.880001068115234,38.0,39.86000061035156,38.31999969482422,88900.0,32.51796340942383
2017-10-17,39.0099983215332,38.22999954223633,38.5,38.41999816894531,68800.0,32.60282516479492
2017-10-18,38.5099983215332,37.54999923706055,38.5099983215332,37.77000045776367,103700.0,32.05124282836914
2017-10-19,37.70000076293945,37.02000045776367,37.689998626708984,37.369998931884766,143800.0,31.711803436279297
2017-10-20,37.38999938964844,36.77000045776367,37.369998931884766,36.880001068115234,91200.0,31.29599952697754
2017-10-23,37.040000915527344,36.68000030517578,36.95000076293945,36.97999954223633,77900.0,31.3808536529541
2017-10-24,37.099998474121094,36.56999969482422,36.97999954223633,36.720001220703125,74300.0,31.160221099853516
2017-10-25,36.65999984741211,35.650001525878906,36.65999984741211,36.310001373291016,452100.0,30.812299728393555
2017-10-26,36.650001525878906,36.09000015258789,36.279998779296875,36.5,117800.0,30.97353172302246
2017-10-27,36.38999938964844,33.965999603271484,36.150001525878906,35.25,229200.0,29.91279411315918
2017-10-30,36.599998474121094,35.150001525878906,35.189998626708984,36.099998474121094,377500.0,30.63409423828125
2017-10-31,36.43000030517578,35.84000015258789,36.06999969482422,36.04999923706055,158500.0,30.591663360595703
2017-11-01,36.4900016784668,35.65999984741211,36.4900016784668,35.93000030517578,202700.0,30.489835739135742
2017-11-02,36.77000045776367,35.77000045776367,35.77000045776367,36.58000183105469,148000.0,31.04141616821289
2017-11-03,37.27000045776367,35.83000183105469,36.849998474121094,36.04999923706055,258300.0,30.591663360595703
2017-11-06,37.25,35.0,37.220001220703125,35.439998626708984,277000.0,30.074024200439453
2017-11-07,35.77000045776367,34.56999969482422,35.11000061035156,35.7400016784668,191200.0,30.32860565185547
2017-11-08,36.11000061035156,35.5,35.63999938964844,36.06999969482422,122700.0,30.608638763427734
2017-11-09,36.33000183105469,35.7599983215332,36.04999923706055,36.029998779296875,129400.0,30.57469367980957
2017-11-10,35.89099884033203,35.15999984741211,35.790000915527344,35.22999954223633,125500.0,29.89582061767578
2017-11-13,35.61000061035156,35.06999969482422,35.209999084472656,35.220001220703125,87300.0,29.887340545654297
2017-11-14,35.790000915527344,35.20000076293945,35.279998779296875,35.68000030517578,107500.0,30.277685165405273
2017-11-15,35.36000061035156,34.53499984741211,35.2400016784668,34.9900016784668,138600.0,29.692163467407227
2017-11-16,36.0099983215332,35.09000015258789,35.09000015258789,35.83000183105469,143400.0,30.404979705810547
2017-11-17,35.86000061035156,35.150001525878906,35.84000015258789,35.20000076293945,185000.0,29.8703670501709
2017-11-20,35.52899932861328,34.810001373291016,35.279998779296875,34.900001525878906,153100.0,29.61578941345215
2017-11-21,35.33000183105469,34.91999816894531,34.91999816894531,35.16999816894531,120300.0,29.84490394592285
2017-11-22,35.3489990234375,34.58000183105469,35.29999923706055,35.06999969482422,180200.0,29.760047912597656
2017-11-24,35.41899871826172,35.04999923706055,35.04999923706055,35.290000915527344,48200.0,29.946741104125977
2017-11-27,35.33100128173828,34.83000183105469,35.20000076293945,34.849998474121094,137900.0,29.573354721069336
2017-11-28,35.130001068115234,34.529998779296875,34.900001525878906,34.7400016784668,132400.0,29.480012893676758
2017-11-29,34.900001525878906,34.189998626708984,34.83000183105469,34.5,132900.0,29.276351928710938
2017-11-30,34.86000061035156,33.77000045776367,34.099998474121094,34.66999816894531,177400.0,29.823444366455078
2017-12-01,35.150001525878906,33.86000061035156,34.84000015258789,34.70000076293945,160900.0,29.84925079345703
2017-12-04,34.939998626708984,33.41999816894531,34.939998626708984,33.54999923706055,145800.0,28.860010147094727
2017-12-05,34.119998931884766,33.310001373291016,33.599998474121094,33.43000030517578,105500.0,28.756786346435547
2017-12-06,33.45000076293945,32.29999923706055,33.400001525878906,32.439998626708984,124700.0,27.90517807006836
2017-12-07,33.06999969482422,32.220001220703125,32.220001220703125,32.70000076293945,113000.0,28.128833770751953
2017-12-08,33.18000030517578,32.70000076293945,32.97999954223633,33.130001068115234,92500.0,28.49872398376465
2017-12-11,33.29999923706055,32.959999084472656,33.130001068115234,32.97999954223633,85500.0,28.369691848754883
2017-12-12,33.33000183105469,32.22999954223633,33.33000183105469,32.59000015258789,137700.0,28.034210205078125
2017-12-13,32.810001373291016,32.34000015258789,32.59000015258789,32.68000030517578,87700.0,28.111629486083984
2017-12-14,33.400001525878906,32.720001220703125,32.720001220703125,33.2599983215332,126800.0,28.610549926757812
2017-12-15,33.86000061035156,33.349998474121094,33.45000076293945,33.54999923706055,115200.0,28.860010147094727
2017-12-18,34.349998474121094,33.75699996948242,33.79999923706055,34.16999816894531,127400.0,29.393339157104492
2017-12-19,34.25,33.70000076293945,34.16999816894531,33.7599983215332,85000.0,29.0406551361084
2017-12-20,34.25,33.75,34.04999923706055,34.08000183105469,88900.0,29.315919876098633
2017-12-21,34.630001068115234,34.220001220703125,34.220001220703125,34.31999969482422,72200.0,29.522367477416992
2017-12-22,34.36000061035156,33.869998931884766,34.36000061035156,34.0,67700.0,29.24710464477539
2017-12-26,34.56999969482422,33.290000915527344,34.099998474121094,33.29999923706055,62700.0,28.644956588745117
2017-12-27,33.75,33.279998779296875,33.70000076293945,33.54999923706055,82200.0,28.860010147094727
2017-12-28,34.02000045776367,33.599998474121094,33.77000045776367,33.810001373291016,77000.0,29.08366584777832
2017-12-29,33.970001220703125,33.4900016784668,33.849998474121094,33.810001373291016,87400.0,29.08366584777832
2018-01-02,34.349998474121094,33.540000915527344,33.790000915527344,34.20000076293945,173500.0,29.41914939880371
2018-01-03,34.939998626708984,34.04999923706055,34.20000076293945,34.849998474121094,118800.0,29.97827911376953
2018-01-04,35.20000076293945,34.900001525878906,35.0,35.13999938964844,177100.0,30.227739334106445
2018-01-05,35.459999084472656,34.810001373291016,35.45000076293945,34.90999984741211,225500.0,30.02989387512207
2018-01-08,35.15999984741211,34.45000076293945,34.95000076293945,34.540000915527344,112700.0,29.711620330810547
2018-01-09,35.04999923706055,34.27000045776367,34.70000076293945,34.66999816894531,149300.0,29.823444366455078
2018-01-10,34.599998474121094,33.900001525878906,34.599998474121094,34.06999969482422,115300.0,29.307321548461914
2018-01-11,34.25,33.77000045776367,34.119998931884766,34.20000076293945,130100.0,29.41914939880371
2018-01-12,34.875,34.09000015258789,34.20000076293945,34.2400016784668,98700.0,29.45355796813965
2018-01-16,35.16999816894531,34.0099983215332,34.849998474121094,34.16999816894531,131300.0,29.393339157104492
2018-01-17,34.61000061035156,33.56999969482422,34.279998779296875,34.43000030517578,145100.0,29.616994857788086
2018-01-18,35.560001373291016,34.439998626708984,34.56999969482422,35.2400016784668,142600.0,30.313762664794922
2018-01-19,35.790000915527344,35.0,35.2400016784668,35.709999084472656,134100.0,30.718059539794922
2018-01-22,35.9900016784668,35.38999938964844,35.7599983215332,35.959999084472656,113400.0,30.933115005493164
2018-01-23,35.959999084472656,34.88999938964844,35.689998626708984,35.43000030517578,131400.0,30.47720718383789
2018-01-24,38.43000030517578,35.68000030517578,35.68000030517578,38.22999954223633,339500.0,32.88578796386719
2018-01-25,38.810001373291016,37.8849983215332,38.25,38.439998626708984,192700.0,33.066429138183594
2018-01-26,39.060001373291016,38.369998931884766,38.61000061035156,38.939998626708984,131200.0,33.49653625488281
2018-01-29,39.32899856567383,38.810001373291016,39.0,38.95000076293945,145100.0,33.50514221191406
2018-01-30,38.84000015258789,38.060001373291016,38.83000183105469,38.2599983215332,217600.0,32.91159439086914
2018-01-31,38.88399887084961,37.75,38.27000045776367,38.119998931884766,202100.0,32.79116439819336
2018-02-01,38.439998626708984,37.20000076293945,38.04999923706055,38.27000045776367,155800.0,32.920196533203125
2018-02-02,39.0,36.04999923706055,38.79999923706055,36.689998626708984,218600.0,31.561063766479492
2018-02-05,37.869998931884766,36.340999603271484,36.369998931884766,37.04999923706055,204600.0,31.870742797851562
2018-02-06,38.040000915527344,36.150001525878906,36.150001525878906,37.599998474121094,191100.0,32.34385299682617
2018-02-07,38.189998626708984,37.06999969482422,37.619998931884766,37.209999084472656,180000.0,32.00837707519531
2018-02-08,37.130001068115234,35.619998931884766,37.029998779296875,35.630001068115234,193100.0,30.649246215820312
2018-02-09,36.150001525878906,34.25,36.0099983215332,35.029998779296875,233600.0,30.133119583129883
2018-02-12,35.86000061035156,35.2599983215332,35.47999954223633,35.77000045776367,179000.0,30.76967430114746
2018-02-13,36.36000061035156,35.630001068115234,35.709999084472656,36.130001068115234,105200.0,31.0793514251709
2018-02-14,36.869998931884766,35.66999816894531,36.029998779296875,36.83000183105469,100700.0,31.681499481201172
2018-02-15,37.099998474121094,36.16999816894531,36.90999984741211,36.720001220703125,174600.0,31.586872100830078
2018-02-16,36.939998626708984,36.529998779296875,36.720001220703125,36.869998931884766,85900.0,31.715906143188477
2018-02-20,36.95000076293945,35.869998931884766,36.849998474121094,35.90999984741211,109900.0,30.89010238647461
2018-02-21,36.09000015258789,35.43000030517578,36.060001373291016,35.459999084472656,118400.0,30.503009796142578
2018-02-22,35.869998931884766,35.060001373291016,35.470001220703125,35.15999984741211,136800.0,30.244945526123047
2018-02-23,35.630001068115234,35.13999938964844,35.52000045776367,35.61000061035156,111400.0,30.632038116455078
2018-02-26,36.02000045776367,34.5,35.689998626708984,35.15999984741211,154200.0,30.244945526123047
2018-02-27,35.470001220703125,34.83000183105469,35.2599983215332,35.16999816894531,116400.0,30.2535457611084
2018-02-28,34.9900016784668,33.59000015258789,34.9900016784668,33.77000045776367,142100.0,29.442720413208008
2018-03-01,33.83000183105469,32.470001220703125,33.81999969482422,32.88999938964844,159500.0,28.67548179626465
2018-03-02,34.119998931884766,32.29999923706055,32.79999923706055,34.0099983215332,129000.0,29.65196418762207
2018-03-05,34.029998779296875,32.869998931884766,33.72999954223633,32.97999954223633,88800.0,28.753952026367188
2018-03-06,33.7400016784668,32.900001525878906,32.900001525878906,33.380001068115234,100600.0,29.102693557739258
2018-03-07,33.65999984741211,32.90999984741211,33.209999084472656,33.22999954223633,98600.0,28.971914291381836
2018-03-08,33.900001525878906,33.130001068115234,33.34000015258789,33.33000183105469,64300.0,29.059101104736328
2018-03-09,34.7400016784668,33.5099983215332,33.540000915527344,34.63999938964844,113600.0,30.20123863220215
2018-03-12,36.04999923706055,34.77000045776367,34.88999938964844,35.459999084472656,150800.0,30.916160583496094
2018-03-13,36.130001068115234,35.41999816894531,35.720001220703125,35.9900016784668,134400.0,31.378250122070312
2018-03-14,36.349998474121094,35.36000061035156,36.119998931884766,36.060001373291016,151600.0,31.43927764892578
2018-03-15,36.73500061035156,36.0099983215332,36.0099983215332,36.41999816894531,103600.0,31.753145217895508
2018-03-16,36.83000183105469,36.0,36.45000076293945,36.189998626708984,167900.0,31.552621841430664
2018-03-19,36.459999084472656,35.650001525878906,36.189998626708984,35.900001525878906,153100.0,31.299785614013672
2018-03-20,37.02000045776367,35.94499969482422,36.0,36.79999923706055,238500.0,32.08445358276367
2018-03-21,37.7400016784668,36.84000015258789,36.88999938964844,37.029998779296875,136500.0,32.284976959228516
2018-03-22,37.08000183105469,36.0099983215332,36.83000183105469,36.060001373291016,112600.0,31.43927764892578
2018-03-23,36.689998626708984,36.04999923706055,36.09000015258789,36.27000045776367,132300.0,31.622371673583984
2018-03-26,36.810001373291016,35.25,36.810001373291016,36.220001220703125,124300.0,31.57877540588379
2018-03-27,36.529998779296875,35.619998931884766,36.349998474121094,35.75,99700.0,31.169002532958984
2018-03-28,36.02000045776367,35.09000015258789,35.75,35.16999816894531,75400.0,30.663320541381836
2018-03-29,36.40999984741211,35.189998626708984,35.189998626708984,36.33000183105469,75500.0,31.674686431884766
2018-04-02,36.439998626708984,35.369998931884766,36.310001373291016,36.029998779296875,134400.0,31.413124084472656
2018-04-03,38.08000183105469,36.36000061035156,36.36000061035156,37.869998931884766,142800.0,33.0173454284668
2018-04-04,38.56999969482422,37.119998931884766,37.540000915527344,38.5,145100.0,33.566619873046875
2018-04-05,39.52000045776367,38.56999969482422,38.599998474121094,39.060001373291016,103000.0,34.05486297607422
2018-04-06,39.25400161743164,38.349998474121094,38.7400016784668,38.5,86700.0,33.566619873046875
2018-04-09,39.709999084472656,38.52000045776367,38.63999938964844,39.08000183105469,127600.0,34.07229995727539
2018-04-10,40.099998474121094,39.209999084472656,39.43000030517578,40.040000915527344,130100.0,34.90928649902344
2018-04-11,40.619998931884766,39.970001220703125,40.02000045776367,40.18000030517578,100700.0,35.03134536743164
2018-04-12,40.70000076293945,40.03499984741211,40.13999938964844,40.61000061035156,77900.0,35.40624237060547
2018-04-13,40.90999984741211,39.93000030517578,40.68000030517578,40.7400016784668,96600.0,35.51958465576172
2018-04-16,41.349998474121094,40.61000061035156,40.79999923706055,40.880001068115234,117100.0,35.64164352416992
2018-04-17,42.96699905395508,40.95000076293945,40.95000076293945,42.7599983215332,167500.0,37.280738830566406
2018-04-18,42.90999984741211,41.65999984741211,42.90999984741211,41.79999923706055,107300.0,36.443756103515625
2018-04-19,42.529998779296875,41.27000045776367,41.7599983215332,41.689998626708984,105700.0,36.34784698486328
2018-04-20,41.70000076293945,41.29999923706055,41.630001068115234,41.630001068115234,51900.0,36.2955436706543
2018-04-23,42.0,41.36000061035156,41.66999816894531,41.59000015258789,101200.0,36.26066589355469
2018-04-24,42.560001373291016,41.709999084472656,41.709999084472656,42.15999984741211,134100.0,36.757625579833984
2018-04-25,42.11000061035156,41.22999954223633,42.02000045776367,41.54999923706055,105900.0,36.22578811645508
2018-04-26,41.720001220703125,40.83000183105469,41.689998626708984,41.41999816894531,86400.0,36.112449645996094
2018-04-27,41.880001068115234,41.20000076293945,41.59000015258789,41.45000076293945,106500.0,36.13860321044922
2018-04-30,42.09000015258789,41.2599983215332,41.619998931884766,41.34000015258789,81900.0,36.04269790649414
2018-05-01,40.66999816894531,39.40999984741211,40.11000061035156,40.59000015258789,250600.0,35.38880920410156
2018-05-02,41.244998931884766,40.470001220703125,40.5,40.939998626708984,144600.0,35.69395446777344
2018-05-03,39.939998626708984,37.70000076293945,39.900001525878906,38.400001525878906,315600.0,33.479434967041016
2018-05-04,39.13999938964844,37.95000076293945,38.25,38.47999954223633,178700.0,33.54917907714844
2018-05-07,39.4900016784668,38.47999954223633,38.650001525878906,39.459999084472656,140900.0,34.403602600097656
2018-05-08,40.08000183105469,39.27000045776367,39.43000030517578,40.02000045776367,104400.0,34.891841888427734
2018-05-09,40.81999969482422,39.9900016784668,40.08000183105469,40.599998474121094,147800.0,35.39752197265625
2018-05-10,41.28900146484375,40.599998474121094,40.90999984741211,40.709999084472656,119800.0,35.49342727661133
2018-05-11,41.25,40.29999923706055,40.790000915527344,40.630001068115234,148000.0,35.42367935180664
2018-05-14,41.150001525878906,40.400001525878906,40.720001220703125,40.439998626708984,133100.0,35.25802230834961
2018-05-15,41.119998931884766,40.02000045776367,40.20000076293945,41.0,96800.0,35.74626922607422
2018-05-16,41.84000015258789,40.959999084472656,40.959999084472656,41.66999816894531,102600.0,36.33041000366211
2018-05-17,41.77000045776367,40.869998931884766,41.689998626708984,40.959999084472656,115400.0,35.711395263671875
2018-05-18,41.18000030517578,40.599998474121094,40.9900016784668,41.119998931884766,86000.0,35.850894927978516
2018-05-21,41.58000183105469,40.849998474121094,41.290000915527344,41.20000076293945,52800.0,35.9206428527832
2018-05-22,42.209999084472656,41.34000015258789,41.34000015258789,41.47999954223633,89500.0,36.164756774902344
2018-05-23,41.560001373291016,40.790000915527344,41.400001525878906,41.47999954223633,131100.0,36.164756774902344
2018-05-24,42.7599983215332,41.40999984741211,41.59000015258789,42.29999923706055,106300.0,36.87968826293945
2018-05-25,42.209999084472656,41.58000183105469,42.130001068115234,41.93000030517578,90800.0,36.55710220336914
2018-05-29,41.90999984741211,41.060001373291016,41.470001220703125,41.83000183105469,79800.0,36.46991729736328
2018-05-30,43.130001068115234,42.0099983215332,42.11000061035156,43.08000183105469,126600.0,37.55974197387695
2018-05-31,42.59000015258789,41.59000015258789,42.54999923706055,41.81999969482422,129400.0,36.85990905761719
2018-06-01,42.36000061035156,41.70000076293945,41.72999954223633,42.209999084472656,66700.0,37.20365524291992
2018-06-04,43.439998626708984,42.31999969482422,42.45000076293945,43.380001068115234,85700.0,38.234886169433594
2018-06-05,44.810001373291016,43.47999954223633,43.5,44.599998474121094,105400.0,39.310184478759766
2018-06-06,45.45000076293945,44.630001068115234,45.029998779296875,45.11000061035156,233700.0,39.759700775146484
2018-06-07,45.4379997253418,44.42100143432617,45.25,44.65999984741211,118000.0,39.363067626953125
2018-06-08,44.77000045776367,44.220001220703125,44.75,44.38999938964844,65800.0,39.125091552734375
2018-06-11,44.41999816894531,43.52000045776367,44.41999816894531,43.59000015258789,91700.0,38.41998291015625
2018-06-12,44.13999938964844,43.19499969482422,43.599998474121094,43.47999954223633,58400.0,38.32302474975586
2018-06-13,43.869998931884766,41.38999938964844,43.5099983215332,41.83000183105469,188400.0,36.86872863769531
2018-06-14,42.060001373291016,40.619998931884766,41.83000183105469,41.13999938964844,184000.0,36.26055908203125
2018-06-15,41.220001220703125,40.4900016784668,40.939998626708984,40.959999084472656,101100.0,36.10190963745117
2018-06-18,41.189998626708984,40.70000076293945,40.93000030517578,41.150001525878906,89600.0,36.26937484741211
2018-06-19,41.290000915527344,40.84000015258789,40.869998931884766,41.209999084472656,80200.0,36.32225799560547
2018-06-20,41.5,41.099998474121094,41.40999984741211,41.25,62400.0,36.35751724243164
2018-06-21,41.41999816894531,40.27000045776367,41.369998931884766,40.599998474121094,71900.0,35.784610748291016
2018-06-22,40.959999084472656,40.53499984741211,40.81999969482422,40.650001525878906,44600.0,35.82868194580078
2018-06-25,40.5099983215332,39.20000076293945,40.5099983215332,39.84000015258789,82400.0,35.114749908447266
2018-06-26,40.88999938964844,39.75,39.75,40.75,71700.0,35.91682052612305
2018-06-27,40.90999984741211,40.189998626708984,40.90999984741211,40.27000045776367,97700.0,35.493751525878906
2018-06-28,40.779998779296875,40.04999923706055,40.459999084472656,40.54999923706055,77500.0,35.740535736083984
2018-06-29,41.400001525878906,40.599998474121094,40.7599983215332,41.119998931884766,65000.0,36.24293518066406
2018-07-02,40.97999954223633,40.54899978637695,40.95000076293945,40.81999969482422,27000.0,35.978515625
2018-07-03,41.86000061035156,41.0,41.0,41.630001068115234,30500.0,36.69245147705078
2018-07-05,41.560001373291016,41.04999923706055,41.560001373291016,41.11000061035156,31900.0,36.2341194152832
2018-07-06,41.630001068115234,40.93000030517578,41.11000061035156,41.349998474121094,32200.0,36.44565200805664
2018-07-09,41.63999938964844,41.2599983215332,41.4900016784668,41.29999923706055,56300.0,36.401588439941406
2018-07-10,41.529998779296875,40.619998931884766,41.439998626708984,41.380001068115234,79400.0,36.47209930419922
2018-07-11,41.47999954223633,40.36000061035156,40.900001525878906,40.45000076293945,92300.0,35.65240478515625
2018-07-12,41.119998931884766,40.540000915527344,40.75,40.97999954223633,59100.0,36.11954116821289
2018-07-13,41.349998474121094,40.7400016784668,41.029998779296875,40.880001068115234,62800.0,36.03139877319336
2018-07-16,41.474998474121094,40.709999084472656,41.16999816894531,41.36000061035156,79800.0,36.454471588134766
2018-07-17,42.5,41.150001525878906,41.36000061035156,42.0099983215332,83400.0,37.027374267578125
2018-07-18,42.0,38.83000183105469,42.0,39.34000015258789,253900.0,34.67405319213867
2018-07-19,39.400001525878906,37.7599983215332,39.400001525878906,38.5,245300.0,33.93368148803711
2018-07-20,38.9900016784668,37.709999084472656,38.7599983215332,37.869998931884766,111900.0,33.37840270996094
2018-07-23,37.79999923706055,36.630001068115234,37.77000045776367,36.70000076293945,115300.0,32.34717559814453
2018-07-24,37.22999954223633,36.16999816894531,36.70000076293945,36.400001525878906,155500.0,32.08275604248047
2018-07-25,36.529998779296875,35.540000915527344,36.470001220703125,36.45000076293945,100200.0,32.12682342529297
2018-07-26,36.93000030517578,35.95000076293945,36.459999084472656,36.40999984741211,143100.0,32.09156799316406
2018-07-27,36.52000045776367,35.61000061035156,36.52000045776367,35.7400016784668,135100.0,31.501033782958984
2018-07-30,36.25,35.349998474121094,35.9900016784668,35.400001525878906,105400.0,31.201358795166016
2018-07-31,36.040000915527344,35.400001525878906,35.400001525878906,35.90999984741211,122700.0,31.65087127685547
2018-08-01,36.31100082397461,35.63999938964844,35.90999984741211,36.04999923706055,150000.0,31.77426528930664
2018-08-02,39.689998626708984,37.49700164794922,38.0099983215332,39.290000915527344,554200.0,34.629981994628906
2018-08-03,39.369998931884766,38.0099983215332,39.369998931884766,38.25,108100.0,33.71333694458008
2018-08-06,40.43899917602539,38.02000045776367,40.0,38.75,109700.0,34.154029846191406
2018-08-07,39.59000015258789,37.790000915527344,38.720001220703125,38.0,184200.0,33.492984771728516
2018-08-08,38.86000061035156,37.91999816894531,38.06999969482422,38.33000183105469,330600.0,33.78384780883789
2018-08-09,38.790000915527344,38.2599983215332,38.2599983215332,38.470001220703125,162600.0,33.9072380065918
2018-08-10,39.650001525878906,38.13999938964844,38.36000061035156,39.27000045776367,133400.0,34.61235427856445
2018-08-13,41.06999969482422,39.349998474121094,39.47999954223633,39.650001525878906,177600.0,34.94728469848633
2018-08-14,41.18000030517578,39.939998626708984,39.939998626708984,40.91999816894531,143600.0,36.06665802001953
2018-08-15,41.13999938964844,40.189998626708984,40.900001525878906,40.91999816894531,156200.0,36.06665802001953
2018-08-16,41.689998626708984,41.0,41.13999938964844,41.689998626708984,168000.0,36.74532699584961
2018-08-17,42.68000030517578,41.79999923706055,41.79999923706055,42.58000183105469,122900.0,37.5297737121582
2018-08-20,43.380001068115234,42.79999923706055,42.84000015258789,43.0099983215332,149600.0,37.908775329589844
2018-08-21,43.95000076293945,43.29999923706055,43.40999984741211,43.439998626708984,262900.0,38.28776931762695
2018-08-22,43.75,42.58000183105469,43.68000030517578,42.959999084472656,218700.0,37.86469650268555
2018-08-23,43.013999938964844,41.790000915527344,42.939998626708984,41.900001525878906,219600.0,36.930423736572266
2018-08-24,42.599998474121094,41.95000076293945,42.119998931884766,42.22999954223633,191700.0,37.221282958984375
2018-08-27,43.95000076293945,42.5099983215332,42.5099983215332,43.7599983215332,324300.0,38.56981658935547
2018-08-28,44.150001525878906,43.380001068115234,44.0099983215332,43.52000045776367,268000.0,38.35828399658203
2018-08-29,43.97999954223633,43.20000076293945,43.599998474121094,43.439998626708984,323200.0,38.28776931762695
2018-08-30,39.650001525878906,38.75,39.650001525878906,38.9900016784668,221500.0,37.36397171020508
2018-08-31,39.04999923706055,38.0,38.7400016784668,38.119998931884766,195700.0,36.53025436401367
2018-09-04,37.84000015258789,36.099998474121094,37.65999984741211,37.060001373291016,307900.0,35.514461517333984
2018-09-05,37.209999084472656,36.599998474121094,37.06999969482422,37.13999938964844,137600.0,35.59112548828125
2018-09-06,37.76499938964844,36.84000015258789,37.22999954223633,37.58000183105469,173300.0,36.01277542114258
2018-09-07,38.04999923706055,37.29999923706055,37.47999954223633,38.0,164000.0,36.41525650024414
2018-09-10,39.2599983215332,38.290000915527344,38.310001373291016,39.150001525878906,149700.0,37.51729965209961
2018-09-11,40.220001220703125,38.79999923706055,39.2599983215332,40.150001525878906,173000.0,38.4755973815918
2018-09-12,42.159000396728516,40.349998474121094,40.349998474121094,42.040000915527344,252500.0,40.28677749633789
2018-09-13,42.22999954223633,39.75,42.209999084472656,39.939998626708984,311900.0,38.27435302734375
2018-09-14,40.56700134277344,39.65999984741211,39.970001220703125,40.09000015258789,127300.0,38.41809844970703
2018-09-17,40.380001068115234,38.79999923706055,40.0,39.02000045776367,113700.0,37.39271926879883
2018-09-18,39.279998779296875,37.849998474121094,38.9900016784668,38.08000183105469,165900.0,36.49192428588867
2018-09-19,38.20000076293945,36.0099983215332,38.08000183105469,36.150001525878906,338300.0,34.64241027832031
2018-09-20,36.5099983215332,35.349998474121094,36.290000915527344,35.59000015258789,387900.0,34.10576248168945
2018-09-21,35.82899856567383,34.91999816894531,35.540000915527344,35.15999984741211,183400.0,33.69369888305664
2018-09-24,35.400001525878906,34.38999938964844,35.2599983215332,34.619998931884766,205300.0,33.17621612548828
2018-09-25,34.68000030517578,33.70000076293945,34.619998931884766,34.33000183105469,381300.0,32.898311614990234
2018-09-26,34.779998779296875,33.95000076293945,34.349998474121094,34.540000915527344,203200.0,33.099552154541016
2018-09-27,35.06999969482422,34.09199905395508,34.45000076293945,34.560001373291016,202000.0,33.118717193603516
2018-09-28,34.7599983215332,33.04999923706055,34.52000045776367,33.16999816894531,167700.0,31.786684036254883
2018-10-01,34.4900016784668,33.369998931884766,33.369998931884766,34.11000061035156,334800.0,32.6874885559082
2018-10-02,34.189998626708984,33.369998931884766,34.0,33.45000076293945,226400.0,32.05500793457031
2018-10-03,33.709999084472656,31.770000457763672,33.400001525878906,32.31999969482422,327400.0,30.972135543823242
2018-10-04,32.33000183105469,31.440000534057617,32.29999923706055,31.700000762939453,428300.0,30.37799072265625
2018-10-05,32.29999923706055,30.600000381469727,32.290000915527344,30.8700008392334,339200.0,29.58260726928711
2018-10-08,30.899999618530273,29.469999313354492,30.860000610351562,29.649999618530273,219800.0,28.413484573364258
2018-10-09,30.479999542236328,28.959999084472656,29.75,29.170000076293945,418100.0,27.953500747680664
2018-10-10,29.0,27.75,28.950000762939453,27.790000915527344,285500.0,26.63105583190918
2018-10-11,28.6200008392334,27.5,27.610000610351562,27.8799991607666,384700.0,26.717300415039062
2018-10-12,28.530000686645508,26.610000610351562,28.440000534057617,27.270000457763672,265900.0,26.132740020751953
2018-10-15,27.65999984741211,26.989999771118164,27.360000610351562,27.549999237060547,154100.0,26.401060104370117
2018-10-16,28.6200008392334,27.40999984741211,27.84000015258789,28.43000030517578,212400.0,27.24436378479004
2018-10-17,28.469999313354492,26.030000686645508,28.469999313354492,26.18000030517578,239600.0,25.08819580078125
2018-10-18,26.540000915527344,25.84000015258789,26.06999969482422,26.3700008392334,222800.0,25.270275115966797
2018-10-19,26.75,25.93000030517578,26.450000762939453,26.18000030517578,128700.0,25.08819580078125
2018-10-22,27.459999084472656,25.979999542236328,26.790000915527344,26.100000381469727,270600.0,25.011533737182617
2018-10-23,26.18000030517578,24.649999618530273,26.059999465942383,25.860000610351562,243300.0,24.78154182434082
2018-10-24,26.06999969482422,25.110000610351562,25.860000610351562,25.149999618530273,156200.0,24.101150512695312
2018-10-25,26.0,25.18000030517578,25.18000030517578,25.75,223400.0,24.676130294799805
2018-10-26,25.479999542236328,24.290000915527344,25.479999542236328,25.06999969482422,237500.0,24.02448844909668
2018-10-29,25.950000762939453,24.360000610351562,25.40999984741211,24.559999465942383,148100.0,23.535755157470703
2018-10-30,25.030000686645508,24.350000381469727,24.559999465942383,24.600000381469727,173700.0,23.57408905029297
2018-10-31,25.56999969482422,24.673999786376953,24.950000762939453,25.43000030517578,227000.0,24.369474411010742
2018-11-01,28.899999618530273,26.049999237060547,27.3799991607666,27.670000076293945,472000.0,26.51605796813965
2018-11-02,29.579999923706055,28.1200008392334,28.329999923706055,28.290000915527344,510700.0,27.11020278930664
2018-11-05,29.299999237060547,28.399999618530273,29.290000915527344,28.93000030517578,266500.0,27.7235107421875
2018-11-06,29.170000076293945,27.079999923706055,28.950000762939453,27.309999465942383,299900.0,26.171070098876953
2018-11-07,28.0,27.18000030517578,27.3799991607666,27.6299991607666,248300.0,26.477724075317383
2018-11-08,27.739999771118164,27.270000457763672,27.579999923706055,27.489999771118164,147600.0,26.343563079833984
2018-11-09,27.469999313354492,26.534000396728516,27.239999771118164,26.799999237060547,234400.0,25.68233871459961
2018-11-12,27.799999237060547,26.71500015258789,26.799999237060547,27.559999465942383,152400.0,26.41064453125
2018-11-13,28.25,27.25,27.639999389648438,27.260000228881836,216300.0,26.12315559387207
2018-11-14,27.959999084472656,27.200000762939453,27.329999923706055,27.520000457763672,184100.0,26.372314453125
2018-11-15,27.739999771118164,26.600000381469727,27.389999389648438,27.360000610351562,201500.0,26.21898651123047
2018-11-16,28.15999984741211,27.190000534057617,27.190000534057617,27.950000762939453,186400.0,26.784381866455078
2018-11-19,28.209999084472656,27.75,27.940000534057617,28.059999465942383,171200.0,26.889793395996094
2018-11-20,28.469999313354492,27.239999771118164,27.56999969482422,28.079999923706055,241400.0,26.908958435058594
2018-11-21,28.959999084472656,27.959999084472656,28.15999984741211,28.040000915527344,169000.0,26.87062644958496
2018-11-23,28.600000381469727,27.979999542236328,28.079999923706055,28.450000762939453,59900.0,27.263530731201172
2018-11-26,28.979999542236328,28.389999389648438,28.739999771118164,28.459999084472656,126200.0,27.27311134338379
2018-11-27,28.719999313354492,28.030000686645508,28.40999984741211,28.149999618530273,126200.0,26.97603988647461
2018-11-28,28.170000076293945,27.270000457763672,28.100000381469727,28.139999389648438,247700.0,26.966455459594727
2018-11-29,28.90999984741211,27.440000534057617,27.649999618530273,28.420000076293945,151600.0,27.67938232421875
2018-11-30,28.469999313354492,27.799999237060547,28.209999084472656,27.969999313354492,166200.0,27.241107940673828
2018-12-03,29.030000686645508,27.450000762939453,28.670000076293945,28.06999969482422,190300.0,27.3385009765625
2018-12-04,28.059999465942383,26.549999237060547,27.860000610351562,26.59000015258789,268800.0,25.897071838378906
2018-12-06,27.149999618530273,25.81999969482422,26.200000762939453,27.06999969482422,234300.0,26.364561080932617
2018-12-07,28.079999923706055,26.450000762939453,27.09000015258789,26.489999771118164,193500.0,25.7996768951416
2018-12-10,26.6200008392334,25.139999389648438,26.5,25.290000915527344,247300.0,24.630950927734375
2018-12-11,25.90999984741211,24.18000030517578,25.450000762939453,24.639999389648438,220500.0,23.997886657714844
2018-12-12,25.690000534057617,24.899999618530273,24.899999618530273,25.059999465942383,153900.0,24.40694236755371
2018-12-13,25.59000015258789,24.860000610351562,25.059999465942383,25.09000015258789,130100.0,24.436161041259766
2018-12-14,25.700000762939453,24.545000076293945,24.760000228881836,25.049999237060547,206000.0,24.397201538085938
2018-12-17,25.15999984741211,24.299999237060547,24.950000762939453,24.68000030517578,191100.0,24.036846160888672
2018-12-18,25.8700008392334,24.549999237060547,24.690000534057617,25.15999984741211,231900.0,24.504337310791016
2018-12-19,26.149999618530273,25.150999069213867,25.25,25.3700008392334,165100.0,24.708864212036133
2018-12-20,25.8700008392334,24.649999618530273,25.239999771118164,25.040000915527344,336400.0,24.38746452331543
2018-12-21,25.829999923706055,24.940000534057617,24.940000534057617,25.059999465942383,142000.0,24.40694236755371
2018-12-24,25.770000457763672,24.649999618530273,25.010000228881836,25.329999923706055,118100.0,24.669906616210938
2018-12-26,25.690000534057617,24.84000015258789,25.280000686645508,25.690000534057617,98000.0,25.020524978637695
2018-12-27,26.06999969482422,25.350000381469727,25.350000381469727,25.93000030517578,225100.0,25.2542724609375
2018-12-28,26.899999618530273,26.09000015258789,26.09000015258789,26.280000686645508,288600.0,25.595149993896484
2018-12-31,26.700000762939453,26.079999923706055,26.290000915527344,26.59000015258789,139200.0,25.897071838378906
2019-01-02,26.06999969482422,24.65999984741211,26.06999969482422,25.780000686645508,228900.0,25.10818099975586
2019-01-03,25.93000030517578,25.170000076293945,25.809999465942383,25.459999084472656,202700.0,24.796518325805664
2019-01-04,26.969999313354492,25.700000762939453,25.979999542236328,26.350000381469727,223500.0,25.6633243560791
2019-01-07,27.15999984741211,26.15999984741211,26.479999542236328,26.850000381469727,167100.0,26.15029525756836
2019-01-08,28.549999237060547,26.579999923706055,27.09000015258789,28.329999923706055,273700.0,27.59172821044922
2019-01-09,29.389999389648438,27.959999084472656,28.56999969482422,29.110000610351562,246400.0,28.35140037536621
2019-01-10,29.850000381469727,28.709999084472656,29.110000610351562,29.780000686645508,200700.0,29.003942489624023
2019-01-11,30.100000381469727,29.280000686645508,29.700000762939453,29.389999389648438,172500.0,28.624101638793945
2019-01-14,28.729999542236328,27.81999969482422,28.729999542236328,27.989999771118164,257600.0,27.260587692260742
2019-01-15,28.09000015258789,26.65999984741211,27.989999771118164,27.09000015258789,273000.0,26.38404083251953
2019-01-16,27.549999237060547,27.1200008392334,27.200000762939453,27.139999389648438,226000.0,26.432737350463867
2019-01-17,28.18000030517578,27.06999969482422,27.139999389648438,27.950000762939453,183900.0,27.221630096435547
2019-01-18,28.739999771118164,28.0,28.049999237060547,28.5,140200.0,27.75729751586914
2019-01-22,28.25,26.829999923706055,28.049999237060547,26.959999084472656,196100.0,26.257429122924805
2019-01-23,27.290000915527344,26.049999237060547,27.0,26.1299991607666,105700.0,25.44905662536621
2019-01-24,27.329999923706055,26.139999389648438,26.139999389648438,27.290000915527344,109300.0,26.57883071899414
2019-01-25,28.469999313354492,27.399999618530273,27.489999771118164,28.309999465942383,126300.0,27.572246551513672
2019-01-28,28.65999984741211,28.0,28.1299991607666,28.520000457763672,90400.0,27.776775360107422
2019-01-29,28.65999984741211,28.299999237060547,28.59000015258789,28.399999618530273,91000.0,27.659902572631836
2019-01-30,29.299999237060547,28.239999771118164,28.489999771118164,28.81999969482422,147200.0,28.068958282470703
2019-01-31,29.100000381469727,28.31999969482422,28.799999237060547,28.920000076293945,165700.0,28.166353225708008
2019-02-01,30.459999084472656,28.850000381469727,29.25,30.1200008392334,230200.0,29.335081100463867
2019-02-04,29.809999465942383,28.1299991607666,29.809999465942383,28.579999923706055,193900.0,27.8352108001709
2019-02-05,29.260000228881836,28.440000534057617,28.780000686645508,28.579999923706055,158300.0,27.8352108001709
2019-02-06,29.049999237060547,28.25,28.6299991607666,28.489999771118164,98700.0,27.747556686401367
2019-02-07,28.770000457763672,27.969999313354492,28.549999237060547,28.190000534057617,102900.0,27.45537567138672
2019-02-08,28.270000457763672,27.6299991607666,28.170000076293945,27.829999923706055,111300.0,27.10475730895996
2019-02-11,28.8799991607666,27.860000610351562,27.860000610351562,28.639999389648438,97100.0,27.893648147583008
2019-02-12,29.06999969482422,28.469999313354492,28.610000610351562,28.5,87800.0,27.75729751586914
2019-02-13,29.31999969482422,28.360000610351562,28.579999923706055,28.59000015258789,219000.0,27.844951629638672
2019-02-14,29.0,28.3799991607666,28.5,28.670000076293945,92200.0,27.922866821289062
2019-02-15,28.959999084472656,28.239999771118164,28.68000030517578,28.290000915527344,103800.0,27.552770614624023
2019-02-19,28.510000228881836,27.65999984741211,28.420000076293945,27.690000534057617,152400.0,26.968406677246094
2019-02-20,27.799999237060547,27.18000030517578,27.780000686645508,27.190000534057617,357900.0,26.481435775756836
2019-02-21,27.43000030517578,26.920000076293945,27.31999969482422,27.329999923706055,398100.0,26.617786407470703
2019-02-22,27.969999313354492,27.31999969482422,27.34000015258789,27.719999313354492,206900.0,26.997623443603516
2019-02-25,28.100000381469727,27.6299991607666,27.770000457763672,27.670000076293945,189500.0,26.94892692565918
2019-02-26,27.670000076293945,25.770000457763672,27.670000076293945,25.790000915527344,335800.0,25.117919921875
2019-02-27,26.43000030517578,25.600000381469727,26.010000228881836,25.65999984741211,180100.0,24.991308212280273
2019-02-28,25.899999618530273,24.910999298095703,25.3799991607666,25.850000381469727,129800.0,25.47820281982422
2019-03-01,26.34000015258789,25.770000457763672,25.989999771118164,25.969999313354492,210100.0,25.59647560119629
2019-03-04,26.229999542236328,25.309999465942383,26.1299991607666,26.209999084472656,113300.0,25.833023071289062
2019-03-05,26.600000381469727,25.959999084472656,26.219999313354492,26.479999542236328,255800.0,26.099140167236328
2019-03-06,26.56999969482422,26.010000228881836,26.520000457763672,26.09000015258789,149400.0,25.714750289916992
2019-03-07,26.239999771118164,25.729999542236328,26.030000686645508,25.969999313354492,162300.0,25.59647560119629
2019-03-08,26.920000076293945,25.770000457763672,25.809999465942383,26.68000030517578,162500.0,26.2962646484375
2019-03-11,27.25,26.670000076293945,26.670000076293945,27.0,217000.0,26.611661911010742
2019-03-12,26.950000762939453,26.43000030517578,26.950000762939453,26.739999771118164,98900.0,26.35540199279785
2019-03-13,27.15999984741211,26.469999313354492,26.93000030517578,26.5,137400.0,26.118852615356445
2019-03-14,26.520000457763672,26.049999237060547,26.520000457763672,26.450000762939453,164100.0,26.06957244873047
2019-03-15,26.770000457763672,26.09000015258789,26.450000762939453,26.729999542236328,120100.0,26.345544815063477
2019-03-18,26.969999313354492,26.579999923706055,26.68000030517578,26.780000686645508,78800.0,26.394826889038086
2019-03-19,27.43000030517578,26.770000457763672,26.969999313354492,26.84000015258789,74400.0,26.453962326049805
2019-03-20,26.920000076293945,26.5,26.850000381469727,26.649999618530273,66700.0,26.266695022583008
2019-03-21,27.010000228881836,26.5,26.5,26.940000534057617,132600.0,26.55252456665039
2019-03-22,26.8799991607666,26.1200008392334,26.829999923706055,26.18000030517578,374900.0,25.803455352783203
2019-03-25,26.209999084472656,25.18000030517578,26.209999084472656,25.450000762939453,206600.0,25.083955764770508
2019-03-26,25.729999542236328,25.31999969482422,25.40999984741211,25.510000228881836,121300.0,25.14309310913086
2019-03-27,26.135000228881836,25.489999771118164,25.6200008392334,26.100000381469727,181200.0,25.724607467651367
2019-03-28,27.030000686645508,26.219999313354492,26.219999313354492,26.989999771118164,165700.0,26.601804733276367
2019-03-29,27.59000015258789,27.079999923706055,27.079999923706055,27.549999237060547,197700.0,27.153749465942383
2019-04-01,27.8700008392334,26.649999618530273,27.760000228881836,26.719999313354492,197600.0,26.3356876373291
2019-04-02,26.739999771118164,26.170000076293945,26.739999771118164,26.56999969482422,123900.0,26.18784523010254
2019-04-03,26.8799991607666,26.3700008392334,26.670000076293945,26.65999984741211,179300.0,26.276552200317383
2019-04-04,27.350000381469727,26.625,26.719999313354492,27.020000457763672,139900.0,26.63137435913086
2019-04-05,27.3700008392334,26.729999542236328,27.059999465942383,26.81999969482422,229300.0,26.434249877929688
2019-04-08,26.84000015258789,26.31999969482422,26.719999313354492,26.81999969482422,151500.0,26.434249877929688
2019-04-09,26.729999542236328,25.899999618530273,26.700000762939453,26.18000030517578,197100.0,25.803455352783203
2019-04-10,26.34000015258789,25.670000076293945,26.18000030517578,26.239999771118164,110500.0,25.862592697143555
2019-04-11,26.56999969482422,25.459999084472656,26.079999923706055,25.489999771118164,201700.0,25.12337875366211
2019-04-12,25.639999389648438,25.110000610351562,25.59000015258789,25.31999969482422,244200.0,24.95582389831543
2019-04-15,25.969999313354492,25.399999618530273,25.40999984741211,25.68000030517578,128800.0,25.31064796447754
2019-04-16,25.59000015258789,24.809999465942383,25.530000686645508,24.90999984741211,133000.0,24.551721572875977
2019-04-17,25.023000717163086,24.520000457763672,24.860000610351562,24.739999771118164,218500.0,24.384166717529297
2019-04-18,24.959999084472656,24.530000686645508,24.65999984741211,24.860000610351562,68300.0,24.50244140625
2019-04-22,24.940000534057617,23.68000030517578,24.8799991607666,23.8799991607666,129200.0,23.536535263061523
2019-04-23,24.350000381469727,23.700000762939453,23.700000762939453,23.969999313354492,576800.0,23.625240325927734
2019-04-24,24.030000686645508,23.559999465942383,23.989999771118164,23.559999465942383,337400.0,23.22113800048828
2019-04-25,23.937000274658203,23.299999237060547,23.559999465942383,23.6200008392334,234200.0,23.280277252197266
2019-04-26,24.93000030517578,23.65999984741211,23.65999984741211,24.93000030517578,116400.0,24.571434020996094
2019-04-29,25.170000076293945,24.700000762939453,24.93000030517578,25.020000457763672,566000.0,24.660140991210938
2019-04-30,25.649999618530273,24.739999771118164,25.110000610351562,25.459999084472656,198700.0,25.09381103515625
2019-05-01,25.790000915527344,25.204999923706055,25.530000686645508,25.260000228881836,175900.0,24.89668846130371
2019-05-02,25.8700008392334,24.75,24.969999313354492,25.34000015258789,299900.0,24.97553825378418
2019-05-03,25.90999984741211,25.0,25.5,25.34000015258789,209100.0,24.97553825378418
2019-05-06,25.040000915527344,24.360000610351562,24.889999389648438,24.940000534057617,168300.0,24.58129119873047
2019-05-07,25.610000610351562,24.280000686645508,25.520000457763672,24.3700008392334,292200.0,24.019489288330078
2019-05-08,24.610000610351562,23.790000915527344,24.280000686645508,23.90999984741211,258200.0,23.566104888916016
2019-05-09,24.299999237060547,23.530000686645508,23.75,24.239999771118164,128000.0,23.891357421875
2019-05-10,24.34000015258789,23.850000381469727,24.149999618530273,24.040000915527344,136600.0,23.694236755371094
2019-05-13,23.899999618530273,23.350000381469727,23.639999389648438,23.5,165500.0,23.162002563476562
2019-05-14,23.690000534057617,23.190000534057617,23.489999771118164,23.329999923706055,112000.0,22.994447708129883
2019-05-15,23.260000228881836,22.770000457763672,23.1200008392334,22.989999771118164,107600.0,22.65933609008789
2019-05-16,23.049999237060547,22.600000381469727,22.969999313354492,22.709999084472656,201600.0,22.383363723754883
2019-05-17,22.58300018310547,22.149999618530273,22.559999465942383,22.450000762939453,155300.0,22.127103805541992
2019-05-20,22.350000381469727,22.059999465942383,22.350000381469727,22.18000030517578,79800.0,21.860986709594727
2019-05-21,22.360000610351562,21.889999389648438,22.18000030517578,22.059999465942383,179100.0,21.742712020874023
2019-05-22,22.030000686645508,21.520000457763672,21.920000076293945,21.540000915527344,186400.0,21.230194091796875
2019-05-23,21.399999618530273,20.739999771118164,21.399999618530273,20.920000076293945,205500.0,20.619110107421875
2019-05-24,21.170000076293945,20.8799991607666,20.950000762939453,21.100000381469727,177500.0,20.79652214050293
2019-05-28,21.290000915527344,20.729999542236328,21.190000534057617,20.729999542236328,174600.0,20.431842803955078
2019-05-29,20.68000030517578,20.3799991607666,20.56999969482422,20.579999923706055,166000.0,20.284000396728516
2019-05-30,20.43000030517578,20.209999084472656,20.209999084472656,20.290000915527344,210200.0,20.290000915527344
2019-05-31,20.149999618530273,19.459999084472656,20.06999969482422,19.510000228881836,188100.0,19.510000228881836
2019-06-03,20.520000457763672,19.549999237060547,19.549999237060547,20.3799991607666,220500.0,20.3799991607666
2019-06-04,21.25,20.389999389648438,20.389999389648438,21.15999984741211,202000.0,21.15999984741211
2019-06-05,21.280000686645508,20.209999084472656,21.1200008392334,20.450000762939453,142200.0,20.450000762939453
2019-06-06,20.700000762939453,19.889999389648438,20.450000762939453,20.1200008392334,187400.0,20.1200008392334
2019-06-07,20.6299991607666,20.149999618530273,20.149999618530273,20.280000686645508,116800.0,20.280000686645508
2019-06-10,20.90999984741211,20.31999969482422,20.31999969482422,20.479999542236328,119700.0,20.479999542236328
2019-06-11,21.100000381469727,20.540000915527344,20.540000915527344,20.739999771118164,122500.0,20.739999771118164
2019-06-12,21.719999313354492,20.600000381469727,20.6299991607666,21.5,180700.0,21.5
2019-06-13,21.959999084472656,21.399999618530273,21.690000534057617,21.549999237060547,162000.0,21.549999237060547
2019-06-14,23.459999084472656,22.280000686645508,22.40999984741211,23.43000030517578,669900.0,23.43000030517578
2019-06-17,23.860000610351562,23.079999923706055,23.43000030517578,23.799999237060547,250300.0,23.799999237060547
2019-06-18,24.459999084472656,23.649999618530273,23.950000762939453,23.90999984741211,164400.0,23.90999984741211
2019-06-19,23.959999084472656,23.54800033569336,23.8799991607666,23.75,143300.0,23.75
2019-06-20,24.139999389648438,23.579999923706055,23.670000076293945,24.049999237060547,100200.0,24.049999237060547
2019-06-21,23.889999389648438,23.469999313354492,23.889999389648438,23.829999923706055,128800.0,23.829999923706055
2019-06-24,24.270000457763672,23.610000610351562,23.719999313354492,23.760000228881836,111800.0,23.760000228881836
2019-06-25,23.950000762939453,23.6200008392334,23.700000762939453,23.75,94000.0,23.75
2019-06-26,24.3700008392334,23.6299991607666,23.6299991607666,24.280000686645508,216300.0,24.280000686645508
2019-06-27,24.65999984741211,24.079999923706055,24.280000686645508,24.579999923706055,197600.0,24.579999923706055
2019-06-28,24.920000076293945,24.40999984741211,24.829999923706055,24.790000915527344,279800.0,24.790000915527344
2019-07-01,25.09000015258789,24.469999313354492,24.790000915527344,24.959999084472656,72200.0,24.959999084472656
2019-07-02,25.06999969482422,24.635000228881836,24.81999969482422,24.950000762939453,141700.0,24.950000762939453
2019-07-03,24.959999084472656,24.559999465942383,24.93000030517578,24.81999969482422,119200.0,24.81999969482422
2019-07-05,25.110000610351562,24.729999542236328,24.84000015258789,25.049999237060547,119400.0,25.049999237060547
2019-07-08,25.031999588012695,24.309999465942383,25.010000228881836,24.329999923706055,151800.0,24.329999923706055
2019-07-09,24.280000686645508,23.40999984741211,24.139999389648438,23.969999313354492,284200.0,23.969999313354492
2019-07-10,24.059999465942383,23.649999618530273,23.969999313354492,23.760000228881836,293400.0,23.760000228881836
2019-07-11,24.06999969482422,23.6299991607666,23.8799991607666,23.770000457763672,122300.0,23.770000457763672
2019-07-12,23.940000534057617,23.459999084472656,23.719999313354492,23.540000915527344,85000.0,23.540000915527344
2019-07-15,23.600000381469727,23.190000534057617,23.510000228881836,23.540000915527344,92000.0,23.540000915527344
2019-07-16,24.079999923706055,23.4950008392334,23.530000686645508,23.860000610351562,130500.0,23.860000610351562
2019-07-17,24.030000686645508,23.170000076293945,23.81999969482422,23.290000915527344,90600.0,23.290000915527344
